2285	390.0523685	282.8212672	192490	193649	6.71019E+13	6.79124E+13	6.75059E+13	1.006021084	0
2267	387.4782905	285.7650267	145931	145643	3.85668E+13	3.84147E+13	3.84907E+13	0.99802645	0
2309	422.8491	299.3390156	172331	171456	5.37831E+13	5.32383E+13	5.351E+13	0.994922549	0
848	97.77443751	110.4023611	79378	80353	4.67526E+12	4.79082E+12	4.73268E+12	1.012282918	0
10649	1218.107629	366.5671786	155969	155260	4.4055E+13	4.36554E+13	4.38547E+13	0.995454211	0
2631	725.3149156	327.8759612	145372	145233	3.82719E+13	3.81988E+13	3.82353E+13	0.999043825	0
846	98.26466251	115.2908947	62109	61887	2.86229E+12	2.84187E+12	2.85206E+12	0.996425579	0
27099	5324.747781	904.2057722	420376	420070	3.20033E+14	3.19567E+14	3.198E+14	0.999272079	0
2431	546.6207935	300.5239233	161395	161637	4.71736E+13	4.73151E+13	4.72443E+13	1.00149942	0
3123	586.2438614	299.8869958	158275	156673	4.53673E+13	4.44536E+13	4.49081E+13	0.989878369	0
3633	1234.832295	424.2403638	181256	181166	5.94981E+13	5.94391E+13	5.94686E+13	0.99950346	0
4001	1020.376329	482.2605219	224503	224333	9.12773E+13	9.11391E+13	9.12082E+13	0.999242769	0
3183	753.3224512	252.8648775	78083	77984	1.10416E+13	1.10136E+13	1.10276E+13	0.998732071	0
2859	443.9308376	266.9599741	147299	146045	3.92933E+13	3.86271E+13	3.89588E+13	0.991486687	0
776	32	69.8845413	73347	72119	3.99181E+12	3.85926E+12	3.92498E+12	0.983257533	0
1986	239.4804827	181.9516609	162481	162477	3.28945E+13	3.28929E+13	3.28937E+13	0.999975358	0
3291	1021.557196	396.5166583	286253	286254	1.48395E+14	1.48396E+14	1.48395E+14	1.000003489	0
904	85.56352281	118.5962042	112939	112082	9.46439E+12	9.3213E+12	9.39257E+12	0.992411814	0
3043	495.2983453	258.4719829	134490	134350	3.27566E+13	3.26884E+13	3.27225E+13	0.998959008	0
2305	453.8526375	307.1974188	169237	170498	5.18692E+13	5.2645E+13	5.22556E+13	1.00745108	0
9413	1207.793234	473.2843859	173155	173671	5.42986E+13	5.46227E+13	5.44604E+13	1.002979976	0
2675	764.8637906	339.4584542	132366	133021	3.17301E+13	3.20449E+13	3.18871E+13	1.004948393	0
848	100.2646625	105.1401148	44935	45008	1.49822E+12	1.50309E+12	1.50065E+12	1.001624422	0
1006	221.09775	166.5434754	36083	35821	9.66074E+11	9.52095E+11	9.59059E+11	0.992738836	0
1082	211.7544568	111.18316	26295	26344	5.1304E+11	5.14954E+11	5.13996E+11	1.001863171	0
916	163.2842125	131.2365524	51261	51432	1.94975E+12	1.96278E+12	1.95625E+12	1.003335802	0
886	92.30376252	109.1548337	75302	76023	4.20744E+12	4.2884E+12	4.24773E+12	1.009574711	0
984	180.3428625	132.6408115	50370	50887	1.88256E+12	1.9214E+12	1.90188E+12	1.010263949	0
1220	255.5259683	114.9300314	24682	24234	4.52029E+11	4.35768E+11	4.43824E+11	0.98184861	0
3683	1187.379011	434.1083511	110001	110210	2.19135E+13	2.19969E+13	2.19551E+13	1.001899968	0
822	63.509775	114.8920183	61043	59379	2.76488E+12	2.6162E+12	2.68952E+12	0.972740471	0
4763	932.1947803	225.6263968	72257	72149	9.45537E+12	9.42713E+12	9.44124E+12	0.998505244	0
12741	1344.709794	431.6937334	104627	104197	1.98247E+13	1.96621E+13	1.97432E+13	0.995890149	0
3057	957.7219929	361.4779756	84874	87600	1.30457E+13	1.38972E+13	1.34647E+13	1.032118175	0
5345	1863.039372	571.2314886	301798	301479	1.6495E+14	1.64601E+14	1.64775E+14	0.998943	0
2790	738.6098076	367.8970316	170842	172560	3.6367E+13	3.71021E+13	3.67327E+13	1.010056067	0
2283	414.7939875	241.1899733	107607	107085	2.09701E+13	2.07671E+13	2.08683E+13	0.995148987	0
2443	476.1360564	280.7306142	127353	127334	2.93722E+13	2.93635E+13	2.93679E+13	0.999850794	0
906	133.425922	134.0759803	48793	48784	1.76653E+12	1.76587E+12	1.7662E+12	0.999815475	0
7809	2541.260908	567.5982984	374396	373137	2.53852E+14	2.52148E+14	2.52999E+14	0.996637249	0
890	137.2842125	112.2295172	42333	41874	1.32973E+12	1.30105E+12	1.31531E+12	0.989157295	0
804	58.7548875	92.86965064	63249	62471	2.96833E+12	2.89576E+12	2.93182E+12	0.987699301	0
4127	721.4604416	376.8064829	204854	206543	7.59989E+13	7.72573E+13	7.66255E+13	1.00824489	0
854	103.509775	111.4705458	59642	60000	2.63942E+12	2.67121E+12	2.65527E+12	1.006002426	0
830	86	108.097842	53553	53823	2.128E+12	2.14952E+12	2.13873E+12	1.005041676	0
902	154.2646625	138.3623907	40281	40851	1.20394E+12	1.23826E+12	1.22098E+12	1.01415047	0
800	54.7548875	106.0684798	63933	64024	3.03288E+12	3.04152E+12	3.03719E+12	1.001423276	0
804	58.7548875	93.30984908	107684	107626	8.60413E+12	8.59487E+12	8.5995E+12	0.999461361	0
924	160.7939875	126.4075804	42792	42803	1.35872E+12	1.35942E+12	1.35907E+12	1.000256944	0
846	97.01955001	106.0874449	59902	60258	2.66249E+12	2.69423E+12	2.67831E+12	1.005942983	0
788	44	91.59427653	69415	70981	3.57529E+12	3.73843E+12	3.65595E+12	1.022559845	0
890	131.7744375	114.3310832	44457	44822	1.46651E+12	1.49069E+12	1.47855E+12	1.00821	0
1394	507.3498495	205.0288914	60194	60121	2.68851E+12	2.68199E+12	2.68525E+12	0.998787227	0
858	107.7744375	140.3168856	57220	57787	2.42941E+12	2.47779E+12	2.45348E+12	1.009909058	0
800	53.509775	107.3905395	73066	71588	3.96128E+12	3.80264E+12	3.88115E+12	0.979771687	0
836	76.26466251	116.400315	111074	110549	9.15439E+12	9.06806E+12	9.11113E+12	0.995273394	0
2259	355.787706	204.0932368	115536	115937	2.41743E+13	2.43424E+13	2.42582E+13	1.00347075	0
2877	806.7269098	438.4208217	154322	156051	4.31295E+13	4.41013E+13	4.36127E+13	1.011203839	0
1226	385.6403435	171.2828071	157217	157192	1.83402E+13	1.83344E+13	1.83373E+13	0.999840973	0
892	137.7744375	137.1120944	49293	49074	1.80292E+12	1.78693E+12	1.79491E+12	0.995557117	0
29625	2074.319404	434.2324157	91049	90842	1.50131E+13	1.49449E+13	1.49789E+13	0.997726454	0
1084	245.1123978	162.7526409	153028	153437	1.73759E+13	1.74689E+13	1.74223E+13	1.002672696	0
4635	898.518181	312.9270649	78829	78114	1.12536E+13	1.10504E+13	1.11515E+13	0.990929705	0
856	99.01955001	129.6196555	44727	44559	1.48438E+12	1.47325E+12	1.4788E+12	0.996243742	0
2533	648.2953656	255.9170985	91119	91117	1.50361E+13	1.50355E+13	1.50358E+13	0.999978016	0
2075	249.2842125	232.1409208	194688	196281	6.86431E+13	6.9771E+13	6.92048E+13	1.008182312	0
1046	250.5425935	142.5873257	34661	34575	8.9143E+11	8.87011E+11	8.89218E+11	0.997518674	0
886	133.01955	104.5415032	33632	33989	8.39287E+11	8.57199E+11	8.48196E+11	1.01061468	0
2699	642.7464905	363.2504184	146972	146306	3.9119E+13	3.87653E+13	3.89417E+13	0.995468519	0
2541	415.7618744	307.4887931	159749	159874	4.62163E+13	4.62886E+13	4.62524E+13	1.000782469	0
1960	369.4934886	143.3439237	152809	152785	1.73262E+13	1.73207E+13	1.73235E+13	0.999842916	0
2915	727.944106	342.2941899	93637	94191	1.58787E+13	1.60671E+13	1.59726E+13	1.005916441	0
2593	443.3715149	228.4877272	122282	122515	2.70797E+13	2.7183E+13	2.71313E+13	1.0019054	0
3450	663.1430434	448.6521736	296517	293720	2.15234E+14	2.11193E+14	2.13204E+14	0.990567149	0
18212	6675.209007	1551.143594	998017	996582	6.90055E+15	6.88072E+15	6.89063E+15	0.998562149	0
54698	14198.32745	2621.182378	850388	848500	5.01005E+15	4.98783E+15	4.99893E+15	0.997779837	0
379350	11824.62568	2169.630476	710246	713859	3.49483E+15	3.53047E+15	3.5126E+15	1.005086969	0
16242	6280.704576	1594.688355	674916	676924	3.15578E+15	3.17459E+15	3.16517E+15	1.002975185	0
4586	1253.994549	554.9915103	385724	382852	3.64221E+14	3.58817E+14	3.61509E+14	0.99255426	0
4170	976.9284937	452.6197569	257175	254854	1.61908E+14	1.58999E+14	1.60447E+14	0.990975012	0
4768	1585.909042	547.404359	222766	222951	1.21481E+14	1.21683E+14	1.21582E+14	1.000830464	0
3318	755.98595	383.3408175	210557	210759	1.0853E+14	1.08739E+14	1.08634E+14	1.000959354	0
2988	436.8868353	347.2247614	285442	285571	1.99456E+14	1.99636E+14	1.99546E+14	1.000451925	0
14404	974.8739181	129.3327481	7672	7898	10243214422	10855541410	10543966206	1.029361075	0
3168	664.6466251	337.9810735	185135	186107	8.39051E+13	8.47885E+13	8.43457E+13	1.005250213	0
369566	26715.62221	3978.092805	480833	479539	1.60176E+15	1.59315E+15	1.59745E+15	0.997308837	0
585202	12092.24245	1350.612856	214929	213906	6.93841E+13	6.87252E+13	6.90539E+13	0.995240263	0
732272	18046.24192	2313.703554	336854	337166	7.86124E+14	7.87581E+14	7.86853E+14	1.000926215	0
4924	1473.48282	534.0987298	172635	171565	7.29574E+13	7.20558E+13	7.25052E+13	0.993801945	0
3976	1181.651408	496.7563493	282056	282519	1.94752E+14	1.95392E+14	1.95072E+14	1.001641516	0
2750	291.2842125	240.3481283	334113	332727	2.73274E+14	2.71011E+14	2.7214E+14	0.995851698	0
4700	1248.478763	399.9638396	260844	261022	1.66561E+14	1.66788E+14	1.66675E+14	1.000682394	0
8654	1815.029714	424.5099573	226387	226092	1.25463E+14	1.25136E+14	1.25299E+14	0.998696912	0
5496	1797.507168	558.997749	158405	160375	6.14256E+13	6.29629E+13	6.21895E+13	1.012436466	0
2223	361.548875	273.9406355	193239	194398	6.76251E+13	6.84388E+13	6.80307E+13	1.005997746	1
2213	366.442728	277.8736947	146688	146400	3.8968E+13	3.88151E+13	3.88915E+13	0.998036635	1
2265	397.3233125	281.1733229	173025	172150	5.42171E+13	5.36701E+13	5.39429E+13	0.994942915	1
822	74.26466251	106.3490649	79703	80678	4.71362E+12	4.82965E+12	4.77128E+12	1.012232832	1
6821	1039.931921	340.0878598	156746	156037	4.4495E+13	4.40934E+13	4.42938E+13	0.995476744	1
2551	668.520928	322.8640807	146116	145977	3.86647E+13	3.85911E+13	3.86279E+13	0.999048694	1
820	73.509775	113.6230487	62392	62170	2.88844E+12	2.86792E+12	2.87816E+12	0.996441791	1
23359	5011.766964	856.1008747	420995	420689	3.20976E+14	3.20509E+14	3.20743E+14	0.999273149	1
2361	495.6270751	290.3677898	162172	162414	4.76289E+13	4.77711E+13	4.77E+13	1.001492236	1
2997	564.4992626	291.2280279	158996	157394	4.57816E+13	4.48637E+13	4.53203E+13	0.989924267	1
3485	1170.676446	409.7836393	181983	181893	5.99764E+13	5.99171E+13	5.99467E+13	0.999505444	1
3683	963.9263334	462.0224334	225188	225018	9.18352E+13	9.16966E+13	9.17659E+13	0.999245073	1
3013	703.907831	244.0825758	78828	78729	1.12533E+13	1.1225E+13	1.12392E+13	0.998744053	1
2507	401.7692728	258.1130241	148056	146802	3.96982E+13	3.90286E+13	3.93619E+13	0.991530215	1
766	22	68.27452583	73644	72416	4.0242E+12	3.89111E+12	3.9571E+12	0.983325054	1
1632	213.0474663	178.0692169	163002	162992	3.31058E+13	3.31018E+13	3.31038E+13	0.999938627	1
3201	985.6283208	391.0733158	286913	286911	1.4908E+14	1.49078E+14	1.49079E+14	0.999993025	1
856	81.91614696	111.4270608	113270	112413	9.51995E+12	9.37644E+12	9.44792E+12	0.992433988	1
2889	478.4635321	250.3326829	135232	135092	3.3119E+13	3.30505E+13	3.30847E+13	0.99896472	1
2349	486.6466251	302.9648095	169976	171237	5.23231E+13	5.31024E+13	5.27113E+13	1.007418685	1
7175	1060.181453	452.140075	173909	174424	5.47725E+13	5.50974E+13	5.49347E+13	1.002961306	1
2591	701.9699376	331.1163983	133137	133792	3.21008E+13	3.24175E+13	3.22587E+13	1.004919737	1
836	87.01955001	99.41428891	45236	45309	1.51835E+12	1.52326E+12	1.5208E+12	1.001613611	1
982	203.913403	163.8798661	36387	36125	9.82421E+11	9.68324E+11	9.75347E+11	0.992799499	1
1030	185.8135375	108.7210604	26603	26652	5.25129E+11	5.27066E+11	5.26097E+11	1.001841593	1
890	142.2646625	128.051648	51547	51718	1.97157E+12	1.98467E+12	1.97811E+12	1.003317292	1
842	77.01955001	102.0216757	75614	76335	4.24238E+12	4.32367E+12	4.28283E+12	1.009535203	1
958	166.7939875	125.4089336	50668	51185	1.9049E+12	1.94397E+12	1.92434E+12	1.01020358	1
1120	205.662009	115.0850952	24971	24523	4.62676E+11	4.46223E+11	4.54375E+11	0.982058676	1
3615	1184.127375	424.4209829	110705	110914	2.21949E+13	2.22788E+13	2.22368E+13	1.001887885	1
848	85.77443751	114.5193866	61387	59723	2.79613E+12	2.6466E+12	2.72034E+12	0.972893227	1
4325	908.2420311	221.930257	73029	72921	9.65849E+12	9.62995E+12	9.64421E+12	0.998521044	1
9185	1221.658029	415.8195012	105509	105079	2.01603E+13	1.99963E+13	2.00782E+13	0.995924505	1
3053	950.8386644	354.0200922	85583	88309	1.32646E+13	1.41231E+13	1.36871E+13	1.031852096	1
4905	1731.785759	544.1881916	302388	302069	1.65595E+14	1.65246E+14	1.6542E+14	0.998945062	1
2596	678.7368693	349.817704	171344	173062	3.65811E+13	3.73183E+13	3.69478E+13	1.010026605	1
2251	384.8330875	233.9527444	108399	107877	2.12799E+13	2.10754E+13	2.11774E+13	0.995184429	1
2473	500.5005844	271.5764249	128126	128107	2.97299E+13	2.97211E+13	2.97255E+13	0.999851694	1
910	138.6710345	133.5557434	49085	49076	1.78773E+12	1.78708E+12	1.7874E+12	0.999816571	1
7127	2408.173853	539.9635003	375076	373817	2.54775E+14	2.53068E+14	2.5392E+14	0.996643345	1
888	136.529325	110.3189844	42641	42182	1.34915E+12	1.32026E+12	1.33463E+12	0.989235611	1
802	58	90.28113013	63570	62792	2.99854E+12	2.92559E+12	2.96184E+12	0.987761413	1
3899	679.8736395	362.6437936	205583	207272	7.65408E+13	7.78036E+13	7.71696E+13	1.008215654	1
874	125.01955	109.688166	59940	60298	2.66587E+12	2.69781E+12	2.68179E+12	1.005972583	1
858	107.7744375	105.012282	53880	54150	2.15407E+12	2.17571E+12	2.16487E+12	1.005011076	1
886	135.7744375	135.1319751	40577	41147	1.2217E+12	1.25626E+12	1.23886E+12	1.014047243	1
798	54	102.4563729	64236	64327	3.06169E+12	3.07037E+12	3.06603E+12	1.001416561	1
812	66.7548875	90.32107112	108016	107958	8.65727E+12	8.64797E+12	8.65262E+12	0.999463016	1
940	170.8330875	126.0014288	43092	43103	1.37784E+12	1.37854E+12	1.37819E+12	1.000255153	1
854	107.509775	104.6404025	60225	60581	2.69128E+12	2.72319E+12	2.70719E+12	1.005911107	1
790	44.7548875	87.2863308	69713	71279	3.60606E+12	3.76989E+12	3.68706E+12	1.022463408	1
888	136.2646625	107.8685749	44754	45119	1.48617E+12	1.51051E+12	1.49829E+12	1.008155514	1
1398	499.865906	193.3676417	60461	60388	2.71241E+12	2.70586E+12	2.70914E+12	0.998792582	1
858	110.2646625	136.6223556	57527	58094	2.45555E+12	2.50419E+12	2.47975E+12	1.009856176	1
792	46.7548875	106.3907391	73337	71859	3.99072E+12	3.83149E+12	3.91029E+12	0.979846436	1
822	73.01955001	112.1880405	111373	110847	9.20375E+12	9.11702E+12	9.16028E+12	0.995277105	1
2235	368.568425	203.0431737	116332	116733	2.45085E+13	2.46778E+13	2.4593E+13	1.003447001	1
2671	715.6277804	424.5587743	155084	156814	4.35565E+13	4.45337E+13	4.40424E+13	1.011155238	1
1210	367.336581	164.1508808	157518	157493	1.84105E+13	1.84046E+13	1.84076E+13	0.999841277	1
882	131.7744375	133.4927807	49605	49386	1.82581E+12	1.80973E+12	1.81775E+12	0.99558506	1
16007	1830.471676	406.7940163	91791	91584	1.52588E+13	1.519E+13	1.52243E+13	0.997744832	1
980	209.05865	154.8858888	153349	153758	1.74488E+13	1.7542E+13	1.74954E+13	1.002667101	1
3891	867.6319466	304.8383316	79543	78828	1.14584E+13	1.12533E+13	1.13554E+13	0.991011122	1
878	117.874303	126.2600768	45027	44859	1.50436E+12	1.49315E+12	1.49874E+12	0.996268767	1
2583	675.6794435	252.7957344	91875	91873	1.52867E+13	1.5286E+13	1.52864E+13	0.999978196	1
2045	221.7744375	226.3790166	195460	197053	6.91886E+13	7.03209E+13	6.97525E+13	1.008149994	1
1042	251.3233125	139.7247699	34950	34864	9.06357E+11	9.01902E+11	9.04126E+11	0.99753919	1
844	96.26466251	102.0222845	33929	34286	8.54176E+11	8.72245E+11	8.63163E+11	1.010521759	1
2615	595.2945719	353.9582791	147785	147119	3.9553E+13	3.91973E+13	3.93747E+13	0.995493448	1
2483	414.2171655	299.8854685	160491	160616	4.66466E+13	4.67193E+13	4.66829E+13	1.000778851	1
1282	300.0323878	131.7190457	153120	153096	1.73968E+13	1.73913E+13	1.7394E+13	0.999843235	1
2709	654.0236279	332.6317193	94340	94894	1.6118E+13	1.63078E+13	1.62126E+13	1.005872353	1
2495	432.3938089	223.7016069	123053	123286	2.74222E+13	2.75262E+13	2.74742E+13	1.001893461	1
3192	595.013897	434.9585716	297469	294670	2.16618E+14	2.12561E+14	2.1458E+14	0.990590614	1
17404	6487.925622	1495.699387	1000867	999432	6.94002E+15	6.92013E+15	6.93007E+15	0.998566243	1
42034	12649.75856	2440.128142	853120	851232	5.04229E+15	5.02E+15	5.03113E+15	0.997786947	1
121534	10310.60493	1942.460844	713068	716681	3.52265E+15	3.55844E+15	3.5405E+15	1.005066838	1
15730	6055.724126	1553.09396	677575	679583	3.1807E+15	3.19958E+15	3.19013E+15	1.002963509	1
4306	1153.787479	531.8673982	386623	383751	3.65921E+14	3.60504E+14	3.63202E+14	0.992571573	1
3680	851.7374808	431.2662623	258234	255913	1.63244E+14	1.60323E+14	1.61777E+14	0.991012023	1
4676	1531.094919	527.2583573	223762	223947	1.2257E+14	1.22773E+14	1.22671E+14	1.000826767	1
3262	729.5404781	371.6680184	211580	211782	1.09587E+14	1.09797E+14	1.09692E+14	1.000954716	1
2916	393.0328185	338.279148	286436	286565	2.00848E+14	2.01029E+14	2.00938E+14	1.000450357	1
5260	721.001379	109.3307975	7747	7974	10444446085	11065446960	10749490483	1.029206374	1
3094	611.3624125	332.5497152	186185	187157	8.48596E+13	8.57479E+13	8.53026E+13	1.005220604	1
262800	24863.16017	3617.113694	482760	481466	1.61462E+15	1.60598E+15	1.61029E+15	0.997319579	1
178972	9436.266526	1056.089484	215883	214855	7.00015E+13	6.93364E+13	6.96681E+13	0.995238136	1
282980	16429.32904	2048.640226	339623	339935	7.99102E+14	8.00571E+14	7.99836E+14	1.000918663	1
4416	1329.459898	502.0925373	173581	172511	7.37591E+13	7.28526E+13	7.33045E+13	0.993835724	1
3810	1102.50907	489.5912976	283062	283525	1.96144E+14	1.96786E+14	1.96465E+14	1.001635682	1
2736	279.7744375	238.2775298	335205	333819	2.75063E+14	2.72793E+14	2.73926E+14	0.995865212	1
4348	1131.567004	383.3718614	261900	262078	1.67912E+14	1.68141E+14	1.68026E+14	1.000679643	1
7310	1656.581059	415.503009	227427	227132	1.26618E+14	1.2629E+14	1.26454E+14	0.99870287	1
5218	1673.148101	541.9810809	159324	161294	6.21404E+13	6.36866E+13	6.29087E+13	1.012364731	1
